9 0.742578 0.687093 0.0101562 0.0206074
7 0.634766 0.723427 0.0492188 0.0607375
2 0.634766 0.723427 0.0492188 0.0585683
9 0.597656 0.638829 0.021875 0.0347072
2 0.303516 0.720716 0.0398437 0.037961
2 0.4875 0.734816 0.0515625 0.0531453
12 0.0636719 0.654555 0.0148437 0.0574837
2 0.735156 0.733731 0.0421875 0.0444685
2 0.535937 0.736443 0.053125 0.0520607
1 0.682813 0.856833 0.034375 0.112798
2 0.440234 0.739154 0.0585938 0.0596529
2 0.775391 0.747831 0.0570313 0.0618221
5 0.168359 0.693059 0.0648438 0.0954447
0 0.684766 0.816703 0.0414063 0.154013
