2 0.785937 0.901054 0.059375 0.0667447
2 0.649219 0.882318 0.0390625 0.0433255
2 0.179297 0.883489 0.0585938 0.0386417
2 0.0667969 0.88993 0.0710938 0.0515222
2 0.862109 0.891101 0.0335938 0.0632318
2 0.742578 0.904567 0.0445312 0.0737705
5 0.937109 0.872951 0.0789063 0.113583
2 0.779297 0.905738 0.0460938 0.0644028
2 0.630078 0.924473 0.0664062 0.0995316
2 0.830469 0.892857 0.0484375 0.0690866
0 0.314063 0.899883 0.0328125 0.129977
2 0.692969 0.911592 0.078125 0.0995316
2 0.458594 0.908665 0.096875 0.124122
2 0.557031 0.92096 0.109375 0.132318
