2 0.741406 0.540179 0.1125 0.116071
7 0.749609 0.445153 0.135156 0.306122
7 0.599219 0.526786 0.10625 0.165816
2 0.846875 0.523597 0.11875 0.0880102
2 0.0808594 0.53699 0.0679687 0.0790816
0 0.0101562 0.522959 0.0203125 0.122449
2 0.848828 0.541454 0.125781 0.126276
2 0.598828 0.528699 0.107031 0.167092
2 0.446484 0.53699 0.0414063 0.122449
9 0.499609 0.243622 0.0164062 0.0739796
2 0.223438 0.540179 0.146875 0.0956633
9 0.421094 0.245536 0.015625 0.0701531
2 0.376953 0.523597 0.117969 0.195153
2 0.514063 0.542092 0.128125 0.178571
