2 0.101172 0.538854 0.0945313 0.089172
2 0.483203 0.545223 0.0929687 0.0738854
2 0.908594 0.385987 0.0375 0.0305732
2 0.101172 0.556688 0.0929687 0.127389
2 0.817187 0.409554 0.046875 0.0496815
2 0.140625 0.481529 0.075 0.147771
2 0.285156 0.472611 0.0703125 0.119745
9 0.380859 0.335032 0.0570313 0.119745
2 0.274609 0.605096 0.133594 0.140127
2 0.0613281 0.638217 0.122656 0.193631
2 0.695703 0.428662 0.0539063 0.0598726
2 0.923828 0.625478 0.116406 0.147771
2 0.891797 0.564331 0.0820312 0.112102
2 0.705469 0.56242 0.101562 0.126115
2 0.594141 0.603185 0.171094 0.171975
2 0.413672 0.72293 0.289844 0.340127
2 0.0984375 0.804459 0.195312 0.373248
