2 0.634766 0.723427 0.0492188 0.0585683
9 0.598047 0.638829 0.0242187 0.0390456
7 0.634766 0.723427 0.0492188 0.0585683
1 0.68125 0.862256 0.03125 0.104121
2 0.303906 0.719631 0.040625 0.037961
2 0.566016 0.721258 0.0476562 0.0520607
12 0.0636719 0.654555 0.0148437 0.0596529
2 0.537109 0.738069 0.0554687 0.0553145
1 0.683984 0.853579 0.0382813 0.114967
2 0.487109 0.72885 0.0492188 0.0433839
2 0.734375 0.733731 0.040625 0.0466377
5 0.167969 0.692516 0.065625 0.0965293
2 0.775 0.748915 0.0578125 0.0596529
0 0.685156 0.815618 0.040625 0.151844
2 0.441016 0.740781 0.0601562 0.0585683
