2 0.784766 0.901054 0.0585938 0.0667447
2 0.649219 0.882318 0.0390625 0.0433255
2 0.178516 0.885246 0.0585938 0.0351288
2 0.0679687 0.890515 0.0734375 0.0526932
2 0.861719 0.891101 0.0328125 0.0632318
2 0.742578 0.904567 0.0460938 0.0737705
2 0.778906 0.906323 0.046875 0.0632318
2 0.830859 0.892857 0.0476562 0.0690866
2 0.631641 0.925059 0.0648438 0.0983607
5 0.937109 0.872951 0.0789063 0.113583
2 0.692578 0.911007 0.0773437 0.100703
0 0.313672 0.898712 0.0335938 0.129977
2 0.458203 0.908665 0.0976562 0.124122
2 0.557031 0.92096 0.109375 0.13466
