5 0.784677 0.133075 0.0790323 0.167959
2 0.225806 0.0904393 0.0419355 0.0516796
2 0.866129 0.138243 0.0741935 0.105943
7 0.145968 0.139535 0.066129 0.129199
7 0.701613 0.157623 0.0612903 0.165375
2 0.703226 0.202842 0.0516129 0.0697674
7 0.350806 0.149871 0.0629032 0.103359
7 0.864516 0.135659 0.0774194 0.105943
7 0.637097 0.0684755 0.0419355 0.0801034
7 0.783871 0.131783 0.0806452 0.170543
7 0.122581 0.239018 0.0806452 0.142119
2 0.290323 0.324289 0.0806452 0.0956072
2 0.908065 0.219638 0.0548387 0.0723514
2 0.570968 0.144703 0.0483871 0.0620155
2 0.154032 0.428941 0.0951613 0.103359
2 0.229032 0.917313 0.203226 0.155039
2 0.0145161 0.204134 0.0290323 0.0723514
2 0.387903 0.288114 0.0790323 0.0904393
2 0.757258 0.682171 0.143548 0.175711
2 0.204839 0.529716 0.109677 0.129199
2 0.876613 0.267442 0.066129 0.0801034
2 0.391129 0.834625 0.159677 0.191214
2 0.604839 0.211886 0.0612903 0.0723514
2 0.747581 0.249354 0.0693548 0.0801034
2 0.400806 0.50646 0.114516 0.144703
2 0.527419 0.459948 0.0967742 0.113695
2 0.579032 0.709302 0.145161 0.183463
2 0.0516129 0.607235 0.103226 0.134367
