2 0.550781 0.633803 0.0507812 0.0619718
2 0.568359 0.673239 0.0625 0.0732394
2 0.970703 0.643662 0.0507812 0.0591549
5 0.310547 0.543662 0.0625 0.101408
2 0.319336 0.749296 0.0996094 0.129577
2 0.405273 0.711268 0.0722656 0.0873239
2 0.259766 0.635211 0.0507812 0.0647887
7 0.189453 0.674648 0.0742188 0.104225
2 0.743164 0.652113 0.0605469 0.0647887
2 0.830078 0.711268 0.0859375 0.121127
2 0.336914 0.64507 0.0566406 0.0676056
2 0.87207 0.833803 0.119141 0.174648
2 0.37793 0.849296 0.103516 0.188732
2 0.106445 0.766197 0.0957031 0.107042
2 0.672852 0.673239 0.0644531 0.0732394
2 0.639648 0.884507 0.134766 0.146479
2 0.748047 0.771831 0.0976562 0.112676
2 0.142578 0.883099 0.128906 0.149296
2 0.59668 0.721127 0.0839844 0.107042
