7 0.701613 0.157623 0.0612903 0.160207
5 0.864516 0.139535 0.0806452 0.113695
7 0.866129 0.140827 0.0774194 0.111111
7 0.146774 0.139535 0.0645161 0.129199
7 0.785484 0.133075 0.0774194 0.167959
2 0.704032 0.202842 0.0532258 0.0697674
2 0.570161 0.147287 0.0467742 0.0671835
2 0.291129 0.328165 0.0822581 0.103359
2 0.908871 0.22093 0.0564516 0.0749354
7 0.122581 0.241602 0.0806452 0.147287
2 0.229032 0.917313 0.203226 0.155039
2 0.153226 0.430233 0.0967742 0.111111
2 0.38871 0.288114 0.0774194 0.0904393
2 0.0145161 0.204134 0.0290323 0.0723514
2 0.604839 0.211886 0.0612903 0.0723514
2 0.746774 0.248062 0.0677419 0.0775194
2 0.391129 0.834625 0.159677 0.191214
2 0.204839 0.531008 0.109677 0.126615
2 0.757258 0.680879 0.143548 0.173127
2 0.876613 0.267442 0.066129 0.0801034
2 0.4 0.50646 0.112903 0.144703
2 0.527419 0.459948 0.0967742 0.113695
2 0.0516129 0.607235 0.103226 0.134367
2 0.578226 0.709302 0.146774 0.183463
