2 0.568359 0.671831 0.0625 0.0704225
2 0.550781 0.633803 0.0507812 0.0619718
2 0.259766 0.635211 0.0507812 0.0647887
2 0.97168 0.642254 0.0488281 0.056338
2 0.322266 0.749296 0.101562 0.129577
7 0.310547 0.543662 0.0625 0.101408
2 0.405273 0.711268 0.0722656 0.0873239
2 0.743164 0.652113 0.0605469 0.0647887
2 0.830078 0.709859 0.0859375 0.11831
7 0.188477 0.674648 0.0722656 0.104225
2 0.336914 0.64507 0.0566406 0.0676056
2 0.873047 0.835211 0.117188 0.171831
2 0.672852 0.673239 0.0644531 0.0788732
2 0.37793 0.849296 0.103516 0.188732
2 0.106445 0.766197 0.0957031 0.112676
2 0.639648 0.885916 0.134766 0.149296
2 0.748047 0.771831 0.0976562 0.112676
2 0.597656 0.721127 0.0820312 0.107042
2 0.142578 0.883099 0.128906 0.149296
